0.00042465563434895554
0.0012940215607553456
0.00216452062745846
0.003036154804083218
0.00390892606453563
0.004782836387013128
0.00565788775401674
0.006534082152361425
0.007411421573187507
0.008289908011972852
0.00916954346854283
0.010050329947083415
0.01093226945615059
0.011815364008683634
0.012699615622015261
0.013585026317883258
0.01447159812244393
0.015359333066280421
0.01624823318441691
0.017138300516329863
0.018029537105958556
0.018921945001717427
0.01981552625650863
0.02071028292773346
0.02160621707730251
0.022503330771649878
0.02340162608174404
0.024301105083100034
0.025201769855791083
0.0261036224844604
0.02700666505833446
0.027910899671233544
0.028816328421584804
0.02972295341243483
0.030630776751460705
0.03153980055098275
0.03245002692797687
0.0333614580040871
0.03427409590563761
0.03518794276364524
0.036103000713831664
0.0370192718966365
0.037936758457229325
0.0388554625455218
0.039775386316181556
0.0406965319286434
0.041618901547122646
0.0425424973406278
0.001541656717042391
0.004657269740486864
0.007787436262399166
0.010932247043435485
0.014091793552767514
0.017266167974730958
0.020455463215544277
0.02365977291010239
0.02687919142884453
0.030113813884698835
0.03336373614010265
0.036629054814100295
0.039909867289519556
0.043206271720227736
0.04651836703846876
0.049846252962280915
0.05319003000299785
0.05654979947283282
0.05992566349254786
0.06331772499920996
0.06672608775403092
0.07015085635029934
0.07359213622139717
0.07705003364891226
0.08052465577083753
0.08401611058986347
0.08752450698176786
0.09104995470389596
0.09459256440374064
0.09815244762761863
0.10172971682944462
0.10532448537960673
0.10893686757394468
0.11256697864282561
0.1162149347603318
0.11988085305354598
0.12356485161194991
0.12726704949692497
0.1309875667513691
0.13472652440941932
0.1384840445062906
0.1422602500882253
0.14605526522256176
0.14986921500791833
0.15370222558449506
0.15755442414449783
0.1614259389426835
0.1653168993070266
0.0011494899534831848
0.003475328063080154
0.005809276500767579
0.008151373009180327
0.010501655550726938
0.012860162309127543
0.015226931690962935
0.01760200232723708
0.019985413074954158
0.02237720301870485
0.024777411472268772
0.027186077980227593
0.029603242319594655
0.03202894450145508
0.03446322477262081
0.03690612361729815
0.03935768175877082
0.041817940161095205
0.04428694003081209
0.04676472281866847
0.04925133022135795
0.05174680418327388
0.05425118689827662
0.05676452081147465
0.059286848621024
0.06181821327993996
0.06435865799792331
0.06690822624320378
0.06946696174439984
0.07203490849238926
0.07461211074220232
0.07719861301492437
0.07979446009961788
0.0823996970552623
0.0850143692127053
0.08763852217663552
0.09027220182756834
0.09291545432385108
0.09556832610368353
0.09823086388715654
0.10090311467830745
0.10358512576719418
0.106276944731985
0.10897861944106696
0.11169019805517409
0.11441172902953074
0.11714326111601667
0.11988484336534729
3.305203544389008e-05
0.0001172893469046542
0.000201537297034069
0.0002857958876235809
0.00037006512046412646
0.0004543449973483414
0.0005386355200676722
0.0006229366904149242
0.0007072485101835827
0.0007915709811661134
0.000875904105157021
0.0009602478839501304
0.0010446023193396066
0.001128967413121313
0.0012133431670892448
0.0012977295830397754
0.0013821266627685987
0.0014665344080724283
0.0015509528207478071
0.0016353819025919584
0.0017198216554021053
0.00180427208097649
0.001888733181113525
0.001973204957611453
0.0020576874122691957
0.0021421805468866944
0.002226684363263381
0.002311198863199537
0.0023957240484954435
0.0024802599209527406
0.0025648064823717105
0.002649363734554842
0.002733931679304116
0.0028185103184215133
0.002903099653710203
0.002987699686973524
0.0030723104200146467
0.0031569318546379294
0.003241563992647392
0.0033262068358477326
0.0034108603860441597
0.003495524645042731
0.003580199614648486
0.003664885296667991
0.003749581692907814
0.0038342888051748633
0.003919006635276725
0.004003735185021157
0.0004573947631514805
0.0013924552896460657
0.0023288266810193893
0.0032665113880793748
0.004205511867362746
0.005145830581151949
0.0060874699974903775
0.007030432590199978
0.007974720838896134
0.008920337229004933
0.009867284251778725
0.010815564404313902
0.01176518018956476
0.012716134116363312
0.013668428699432475
0.014622066459405704
0.015577049922841374
0.016533381622241227
0.017491064096065774
0.018450099888751872
0.019410491550729343
0.020372241638438374
0.02133535271434594
0.02229982734696323
0.02326566811086208
0.024232877586693895
0.025201458361204222
0.026171413027252545
0.027142744183828015
0.028115454436067732
0.0290895463952735
0.030065022678930093
0.031041885910722176
0.0320201387205526
0.032999783744559134
0.03398082362513307
0.034963261010936525
0.03594709855692134
0.03693233892434452
0.03791898478078971
0.03890703880018242
0.039896503662808794
0.040887382055335465
0.0418796766708247
0.0428733902087558
0.04386852537504113
0.044865084882046255
0.04586307144860656
0.0014105001922435057
0.004261842637742657
0.00712537438426782
0.010001164991433598
0.012889284515675007
0.01578980351451352
0.018702793050859957
0.02162832469736826
0.02456647054082611
0.02751730318659493
0.030480895763090658
0.03345732192631284
0.03644665586441708
0.03944897230233657
0.04246434650644742
0.045492854289282916
0.048534572014297506
0.05158957660067529
0.05465794552819024
0.05773975684211697
0.06083508915818868
0.06394402166760793
0.0670666341421096
0.07020300693907382
0.07335322100669205
0.07651735788918748
0.07969549973208921
0.08288772928755876
0.08609412991977536
0.08931478561037309
0.09254978096393786
0.09579920121355984
0.0990631322264434
0.10234166050957655
0.1056348732154601
0.108942858147894
0.1122657037678281
0.11560349919927045
0.11895633423526197
0.12232429934390902
0.12570748567448442
0.12910598506358842
0.1325198900413795
0.13594929383786564
0.13939429038926882
0.14285497434444985
0.1463314410714076
0.149823786663845
0.0015456037949778017
0.0046691720309211945
0.007807368180569477
0.010960283701951765
0.014128010768884813
0.01731064227770844
0.020508271854089405
0.023720993859902617
0.026948903400190394
0.030192096330194356
0.0334506692624681
0.0367247195740667
0.04001434541381837
0.043319645709674594
0.04664072017614285
0.04997766932180305
0.05333059445690569
0.056699597701058535
0.060084781990995914
0.06348625108843652
0.06690410958802981
0.07033846292539203
0.07378941738523097
0.07725708010956568
0.08074155910603589
0.0842429632563081
0.08776140232457462
0.0912969869661516
0.09484982873617255
0.09842004009838373
0.10200773443403757
0.10561302605088899
0.10923603019229443
0.11287686304641517
0.11653564175552741
0.12021248442543786
0.12390751013500984
0.12762083894579673
0.13135259191179136
0.13510289108928258
0.13887185954683093
0.14265962137535937
0.14646630169835873
0.15029202668221625
0.15413692354666172
0.15800112057533774
0.16188474712649348
0.16578793364380226
0.0008802545692311529
0.0026646021588832033
0.004453723259188701
0.006247634907952835
0.008046354219052379
0.009849898382843923
0.011658284666573114
0.013471530414789084
0.015289653049758876
0.017112670071887277
0.018940599060134743
0.020773457672444665
0.022611263646166696
0.024454034798486735
0.026301789026858466
0.028154544309436962
0.03001231870551652
0.03187513035597058
0.03374299748369295
0.03561593839404514
0.037493971475303
0.03937711519910815
0.041265388120922016
0.043158808880483096
0.04505739620226555
0.04696116889594278
0.04887014585685297
0.05078434606646694
0.052703788592860276
0.05462849259118747
0.05655847730416032
0.05849376206252774
0.06043436628555914
0.06238030948153299
0.06433161124822492
0.06628829127340174
0.06825036933531761
0.07021786530321349
0.07219079913781984
0.0741691908918626
0.07615306071057178
0.0781424288321957
0.08013731558851443
0.08213774140536047
0.08414372680314121
0.08615529239736441
0.08817245889916758
0.09019524711585138
