0.0001234931215370259
0.0005330080971888344
0.0019721669217230486
0.003731993629134519
0.005268496966160198
0.00728935322353586
0.008797453830026395
0.01057429508670061
-0.011037054614226284
0.010564558368894016
0.012058792833511857
0.01433476279568501
0.015352077565344444
0.01700115827559365
0.018977148300912156
0.02027268840015376
0.0015306101219969438
0.004423496670712846
0.006750902681145616
-0.0067269166792120845
-0.005735690017527084
0.006621955386740139
0.007879976015653312
0.008706424605949082
0.00988762938539389
0.011831306969187981
0.014422903883717413
0.01579910073019464
-0.014611211426898104
-0.012967739478827046
-0.010815048971255521
-0.008862486327077033
0.0014131033375697434
0.0037438066566214943
0.004782254608221172
0.005384657179627634
0.006556207161492523
-0.00594896507321087
-0.004418040743935113
0.005329426876775782
0.008053298741111582
0.010348373189252988
0.011520505745239072
0.01274263716166273
0.014805522747099736
0.01680581238500486
0.0179091262956654
0.0187361551344241
0.0004092064683978095
0.0013399095333843799
-0.0007407736276113727
-0.000199796924403429
0.0009664546301235168
-0.001779646331791464
-0.0005860923850036396
0.0004825821036915594
-0.00023635533697757578
-0.000438091816617899
0.0005355641756151714
0.00012377271182158707
0.0021742917965935776
0.0035604388618596596
0.005696908140650947
0.00734160727139108
0.0013307042785495884
-0.0010990259442076337
0.0008191939092603853
0.0028107793000058264
0.005599362047847067
0.007760649743512221
0.009987118960072362
0.012443661074810698
0.014908480301827098
0.017193651329432926
0.01828349957755812
-0.017525116836453594
0.01740077590737158
0.01832924935589938
0.020190814152464667
-0.01915667338728808
0.0006716992619748478
-0.0012781805457931321
-0.0006629381257388961
0.0014075157625148998
0.00353332896765816
-0.0025363859323527544
0.0001971501793789038
0.0028637911448171553
0.005711257746902298
-0.006682230351103499
-0.004785687067911444
0.004024210681252026
0.006222971392764118
-0.007150162540955538
0.007728818464119958
0.010257002284063078
0.001624310502411258
0.0037319755067596744
-0.0033221490198054463
-0.0012127193932931594
0.001235691539111065
0.002888886125960155
-0.002635892535681234
0.0035946464504118783
0.005928845129925109
0.0076991812923825
0.008998611207031305
0.010811590254434402
-0.011594506449559297
0.012650159215164979
-0.013301922461342918
-0.012208391807285682
0.001726554938753809
0.004077824200525291
0.0053130815676912
0.00597817067311987
0.0074616354437524466
-0.008279827163070085
0.00910085739330737
-0.009006852798373039
-0.006954938559678946
0.00699888812028786
-0.006703504275250453
0.007209108329777638
0.008788229458928373
-0.007831334913339715
-0.0056336690319475835
0.006118431160529356
0.0016889440524101669
0.00393743733675782
0.005938892363515013
0.0075995223525671465
0.008050235575503854
0.009501815095280445
0.011238041272869216
-0.010126702349641557
-0.008111105357021878
0.00807862444102643
-0.00803324527423667
0.009344143913043897
0.012328779718993316
-0.0119561543269404
-0.009374246888747979
-0.007120352771156191
0.00036522846724206155
0.0012012924255915874
0.0024899820005211217
0.0049008079232104535
0.00782943443364285
0.009755698716679586
0.012126446808617386
0.014983429400599756
-0.015570135439476036
-0.01450110282321844
-0.013211902260081308
0.01308444423920647
0.014298532881639922
0.016271468235189573
0.01866102121330164
0.020576224676787887
0.00040338844571712637
0.0007036446764740075
-0.0015584762662899235
-0.00035393306202943
0.000874256760111468
0.0021300753159171626
-0.0025967924398856345
-0.002055031409142055
0.0021748415259521107
0.0035431272367747865
0.004575554300758064
0.004883310201417834
0.006706035780008202
0.009719340971940538
-0.010391323660948085
-0.008691145623018544
0.00022809754715496489
-2.865884700157227e-05
-2.7466353006081737e-05
0.001567144124862458
0.003355681463079222
0.00438687625769502
-0.0032910879438109433
0.0026140588410415314
0.004993517211337952
-0.005861865177850854
0.006813322201603107
0.010152680400716953
0.013245981253563582
0.015260778348553796
0.01602474393474294
0.016104933376246064
0.00139132653780823
-0.0019526324440033275
-0.00011668747047946114
0.0015607709653988316
0.0028217208284124066
0.004313162767556687
0.006617885253323165
-0.007771554392314357
0.008420501858325656
-0.007729379681057773
0.006464612096031965
0.007018279236731874
-0.006320227091662065
0.006739233360359796
0.008373246411885868
-0.007585470924771461
0.00011421985532911022
0.000830341972844255
-0.0005257168263487639
0.0001841237082351479
-0.0004901583389485816
0.0010762371700724855
0.0023260333766532693
-0.0022671749225225885
0.003299079642392183
0.004933939868528556
0.005478817832084936
0.006166687214983787
0.007566530156864387
0.010258928340267535
0.013619529193004666
0.016062659877097374
0.001679693543073608
0.003388999394876689
0.003992958587312602
-0.004359687753700101
-0.003397163533507407
0.004079301150838512
0.006940626953006857
0.008694819579868443
0.010775089444165904
0.013570579883886307
0.015011363477945771
0.016036017941025077
0.018149385741323958
0.021132838584084053
0.023957166020674086
0.025790512491440227
0.0012860747923115088
0.0030789757955363923
0.005125866154163769
-0.005732118295803749
-0.004373149377997917
0.005640351397809947
0.00797555089449035
-0.007482481321714636
0.007174828665007134
0.00841814807778857
0.009610121125266649
-0.009366993125034853
0.00997077134017051
-0.010976193102198665
0.0124532453330374
0.015439399996599518
0.0013554614387728443
0.003170865166122964
0.004428226441742661
-0.004654379759956352
-0.0023012106430403603
0.0019343625831756705
0.004427096147981602
-0.0047930212989942865
-0.0030542557164912067
0.0028611886444498084
-0.002932533706696409
-0.0016312649675469914
0.000632911201224976
-0.001047853108790018
0.0015283417379021002
-0.00193957687433086
0.0007222544983723601
0.0024619329254699763
-0.0025359853370077196
-0.0002005629015059573
0.0025358319492241265
0.004104789909950659
0.0048666183577841995
-0.005222882326053629
-0.0038864137430864735
0.004491351484727768
0.006998818468544186
-0.007236040657053656
0.008476716634273414
0.011402744546591525
0.012749193465339077
-0.011285520731925819
0.0008616507878699351
-0.001006594920495993
0.0009997073262857088
-0.002106345239260132
-0.0006250119885891465
0.001692739997758987
-0.0014966039444116643
0.001228866411160407
0.0035570347800064246
0.006622122608542569
-0.0077372105757992264
0.008531733343604738
-0.009432429956534571
-0.00870806657633405
0.010124420697205486
0.013666789160909942
0.0005090036410165863
0.002507281292892287
0.005669258441390829
-0.006437051715955072
0.007462110268963023
0.01076837821161087
-0.011293051367959085
0.01186929180420019
0.01498852654023504
0.018534345260930007
0.02067379544796503
0.023018627432414677
0.026804385158582605
-0.02729479004392317
0.028668607374194244
0.03014698876982972
0.0006538157480156675
-0.0010735696768547763
0.0013522810448592167
-0.001196166836800868
0.0010814648936527617
-0.0021313295428219007
0.002426242231127137
-0.002745001214625365
-0.000832010029064986
0.001994206840470857
-0.0025455799316031263
-0.0011806909464073003
0.0015252835945232808
0.0037327681868308156
-0.0044318441723010474
0.005143343215596299
0.0016601401313673782
0.0034972146140010026
0.004039716232810923
0.00575628155408062
-0.007000617524199937
0.008215186078172712
0.011109580914136974
0.014711276813824122
0.017983339369292622
-0.01830481909924553
-0.017453020056866865
0.018325365921586782
0.019441153986983654
-0.018167622889924653
-0.015948539276476593
0.01616332770729104
0.00045321087889369193
0.002212270716492061
0.004111280612787082
-0.003434286447933442
-0.001761764659498653
-0.0005370645791472507
0.0003656816603958016
0.0004804105356466672
-0.0006550334837591382
6.714059060353084e-05
0.001088484927254499
-0.00210514439877504
0.0018434595671975038
0.002968313933105009
0.00430282979205148
0.006241247293232122
0.000647569831579164
-9.500401505574157e-05
0.001297784189265089
0.0018244745612133351
0.0023411764391272683
-0.001906383514197292
0.0019530100467859556
0.0031605897191987337
-0.0025351646462159747
-0.0010817956223075848
-4.1208033376771205e-05
0.000310162767897452
-0.00013353077919555783
-0.00037367244583306927
0.0008783607057163845
-0.001385972872876845
